,UT_Ca_JN_PJ17_1,UT_Ca_JN_PJ17_10,UT_Ca_JN_PJ17_11,UT_Ca_JN_PJ17_12,UT_Ca_JN_PJ17_13,UT_Ca_JN_PJ17_14,UT_Ca_JN_PJ17_15,UT_Ca_JN_PJ17_16,UT_Ca_JN_PJ17_17,UT_Ca_JN_PJ17_18,UT_Ca_JN_PJ17_19,UT_Ca_JN_PJ17_2,UT_Ca_JN_PJ17_20,UT_Ca_JN_PJ17_21,UT_Ca_JN_PJ17_22,UT_Ca_JN_PJ17_23,UT_Ca_JN_PJ17_24,UT_Ca_JN_PJ17_3,UT_Ca_JN_PJ17_4,UT_Ca_JN_PJ17_5,UT_Ca_JN_PJ17_6,UT_Ca_JN_PJ17_7,UT_Ca_JN_PJ17_8,UT_Ca_JN_PJ17_9,UT_Ca_JN_PJ18_1,UT_Ca_JN_PJ18_10,UT_Ca_JN_PJ18_11,UT_Ca_JN_PJ18_12,UT_Ca_JN_PJ18_13,UT_Ca_JN_PJ18_14,UT_Ca_JN_PJ18_15,UT_Ca_JN_PJ18_16,UT_Ca_JN_PJ18_17,UT_Ca_JN_PJ18_18,UT_Ca_JN_PJ18_19,UT_Ca_JN_PJ18_2,UT_Ca_JN_PJ18_20,UT_Ca_JN_PJ18_21,UT_Ca_JN_PJ18_22,UT_Ca_JN_PJ18_23,UT_Ca_JN_PJ18_24,UT_Ca_JN_PJ18_3,UT_Ca_JN_PJ18_4,UT_Ca_JN_PJ18_5,UT_Ca_JN_PJ18_6,UT_Ca_JN_PJ18_7,UT_Ca_JN_PJ18_8,UT_Ca_JN_PJ18_9
UT_Ca_JN_PJ17_1,0,NA,2.52492800362477,NA,NA,2.15948424935337,NA,NA,NA,NA,NA,2.5453390008849,NA,NA,NA,1.90885616297845,NA,2.5453390008849,2.39640545212982,NA,2.83302107333668,NA,2.34180580614733,NA,NA,NA,1.71399778740844,NA,1.60863727175061,1.18189235643305,2.56494935746154,1.55334844578306,3.1745694956899,1.53373808920642,2.19653823543023,NA,2.38108696739888,NA,2.00533356952611,1.75401914124521,1.89067234089301,2.48142231512995,NA,NA,NA,NA,NA,2.09818308830721
UT_Ca_JN_PJ17_10,NA,0,NA,NA,NA,NA,NA,NA,NA,NA,NA,NA,NA,NA,NA,NA,NA,NA,NA,NA,NA,NA,NA,NA,NA,NA,NA,NA,NA,NA,NA,NA,NA,NA,NA,NA,NA,NA,NA,NA,NA,NA,NA,NA,NA,NA,NA,NA
UT_Ca_JN_PJ17_11,2.52492800362477,NA,0,NA,NA,1.2721650351294,NA,NA,NA,NA,NA,0.280694095523794,NA,NA,NA,1.30921902120626,NA,0.847089570444596,1.66323691773311,1.00383737165508,1.94570185911271,NA,1.51332709194629,NA,NA,NA,1.23214368129263,NA,1.92529086185258,2.75130891503038,1.51332709194629,1.60863727175061,1.42980004961471,1.94570185911271,1.30921902120626,NA,1.16241061722046,NA,NA,1.60863727175061,1.73286795139986,0.937323564516911,NA,NA,NA,NA,NA,0.854188930144502
UT_Ca_JN_PJ17_12,NA,NA,NA,0,NA,NA,NA,NA,NA,NA,NA,NA,NA,NA,NA,NA,NA,NA,NA,NA,NA,NA,NA,NA,NA,NA,NA,NA,NA,NA,NA,NA,NA,NA,NA,NA,NA,NA,NA,NA,NA,NA,NA,NA,NA,NA,NA,NA
UT_Ca_JN_PJ17_13,NA,NA,NA,NA,0,NA,NA,NA,NA,NA,NA,NA,NA,NA,NA,NA,NA,NA,NA,NA,NA,NA,NA,NA,NA,NA,NA,NA,NA,NA,NA,NA,NA,NA,NA,NA,NA,NA,NA,NA,NA,NA,NA,NA,NA,NA,NA,NA
UT_Ca_JN_PJ17_14,2.15948424935337,NA,1.2721650351294,NA,NA,0,NA,NA,NA,NA,NA,1.53373808920642,NA,NA,NA,1.09792594676212,NA,1.15904463976501,1.36678603494866,1.34924037504303,1.85219182032495,NA,1.46633706879343,NA,NA,NA,0.733168534396713,NA,1.96531221568935,1.49204728473689,1.64865862558738,2.56494935746154,3.1745694956899,1.85219182032495,1.50339105487029,NA,1.82147117946346,NA,2.85263142991332,1.64865862558738,2.58381952145296,1.46982140345147,NA,NA,NA,NA,NA,1.25088522792
UT_Ca_JN_PJ17_15,NA,NA,NA,NA,NA,NA,0,NA,NA,NA,NA,NA,NA,NA,NA,NA,NA,NA,NA,NA,NA,NA,NA,NA,NA,NA,NA,NA,NA,NA,NA,NA,NA,NA,NA,NA,NA,NA,NA,NA,NA,NA,NA,NA,NA,NA,NA,NA
UT_Ca_JN_PJ17_16,NA,NA,NA,NA,NA,NA,NA,0,NA,NA,NA,NA,NA,NA,NA,NA,NA,NA,NA,NA,NA,NA,NA,NA,NA,NA,NA,NA,NA,NA,NA,NA,NA,NA,NA,NA,NA,NA,NA,NA,NA,NA,NA,NA,NA,NA,NA,NA
UT_Ca_JN_PJ17_17,NA,NA,NA,NA,NA,NA,NA,NA,0,NA,NA,NA,NA,NA,NA,NA,NA,NA,NA,NA,NA,NA,NA,NA,NA,NA,NA,NA,NA,NA,NA,NA,NA,NA,NA,NA,NA,NA,NA,NA,NA,NA,NA,NA,NA,NA,NA,NA
UT_Ca_JN_PJ17_18,NA,NA,NA,NA,NA,NA,NA,NA,NA,0,NA,NA,NA,NA,NA,NA,NA,NA,NA,NA,NA,NA,NA,NA,NA,NA,NA,NA,NA,NA,NA,NA,NA,NA,NA,NA,NA,NA,NA,NA,NA,NA,NA,NA,NA,NA,NA,NA
UT_Ca_JN_PJ17_19,NA,NA,NA,NA,NA,NA,NA,NA,NA,NA,0,NA,NA,NA,NA,NA,NA,NA,NA,NA,NA,NA,NA,NA,NA,NA,NA,NA,NA,NA,NA,NA,NA,NA,NA,NA,NA,NA,NA,NA,NA,NA,NA,NA,NA,NA,NA,NA
UT_Ca_JN_PJ17_2,2.5453390008849,NA,0.280694095523794,NA,NA,1.53373808920642,NA,NA,NA,NA,NA,0,NA,NA,NA,1.6661022550876,NA,1.02165124753198,1.34717567837202,0.672850482077319,1.83258146374831,NA,1.29257603238953,NA,NA,NA,2.09985253893996,NA,2.50531764704813,2.26089428852452,2.13987389277673,3.23848618144484,2.74949403100509,1.96611285637283,1.88924580640181,NA,1.44518587894808,NA,2.13987389277673,1.85219182032495,2.8518912373281,1.07551759743342,NA,NA,NA,NA,NA,1.0371188569024
UT_Ca_JN_PJ17_20,NA,NA,NA,NA,NA,NA,NA,NA,NA,NA,NA,NA,0,NA,NA,NA,NA,NA,NA,NA,NA,NA,NA,NA,NA,NA,NA,NA,NA,NA,NA,NA,NA,NA,NA,NA,NA,NA,NA,NA,NA,NA,NA,NA,NA,NA,NA,NA
UT_Ca_JN_PJ17_21,NA,NA,NA,NA,NA,NA,NA,NA,NA,NA,NA,NA,NA,0,NA,NA,NA,NA,NA,NA,NA,NA,NA,NA,NA,NA,NA,NA,NA,NA,NA,NA,NA,NA,NA,NA,NA,NA,NA,NA,NA,NA,NA,NA,NA,NA,NA,NA
UT_Ca_JN_PJ17_22,NA,NA,NA,NA,NA,NA,NA,NA,NA,NA,NA,NA,NA,NA,0,NA,NA,NA,NA,NA,NA,NA,NA,NA,NA,NA,NA,NA,NA,NA,NA,NA,NA,NA,NA,NA,NA,NA,NA,NA,NA,NA,NA,NA,NA,NA,NA,NA
UT_Ca_JN_PJ17_23,1.90885616297845,NA,1.30921902120626,NA,NA,1.09792594676212,NA,NA,NA,NA,NA,1.6661022550876,NA,NA,NA,0,NA,1.19609862584187,0.864843520292839,1.38629436111989,1.32963001846639,NA,1.21570898241851,NA,NA,NA,1.05790459292536,NA,1.17568762858174,2.13523707438407,1.68571261166424,1.50339105487029,1.70754608499049,2.02277719902633,1.94591014905531,NA,2.41814095347574,NA,2.19653823543023,0.897255251299972,1.92772632696988,2.11301119309865,NA,NA,NA,NA,NA,1.62441145061808
UT_Ca_JN_PJ17_24,NA,NA,NA,NA,NA,NA,NA,NA,NA,NA,NA,NA,NA,NA,NA,NA,0,NA,NA,NA,NA,NA,NA,NA,NA,NA,NA,NA,NA,NA,NA,NA,NA,NA,NA,NA,NA,NA,NA,NA,NA,NA,NA,NA,NA,NA,NA,NA
UT_Ca_JN_PJ17_3,2.5453390008849,NA,0.847089570444596,NA,NA,1.15904463976501,NA,NA,NA,NA,NA,1.02165124753198,NA,NA,NA,1.19609862584187,NA,0,1.68364791499324,1.88924580640181,1.20397280432594,NA,1.44672671221679,NA,NA,NA,1.49371673536965,NA,1.81217046648818,2.26089428852452,3.23848618144484,2.13987389277673,3.15495913911326,2.81341071676004,2.58239298696176,NA,1.10871364232687,NA,NA,1.44672671221679,3.25735634543627,0.670052489325258,NA,NA,NA,NA,NA,1.0371188569024
UT_Ca_JN_PJ17_4,2.39640545212982,NA,1.66323691773311,NA,NA,1.36678603494866,NA,NA,NA,NA,NA,1.34717567837202,NA,NA,NA,0.864843520292839,NA,1.68364791499324,0,0.67560152065431,0.654028497812079,NA,1.01011109100993,NA,NA,NA,1.3267646811119,NA,1.88638046904732,1.64195711052371,1.36678603494866,1.92640182288409,1.61973122923829,2.59993864686739,1.96345580896095,NA,1.87607082544595,NA,1.92640182288409,1.17263002050771,2.63841916743546,1.03194456433618,NA,NA,NA,NA,NA,0.612337693342553
UT_Ca_JN_PJ17_5,NA,NA,1.00383737165508,NA,NA,1.34924037504303,NA,NA,NA,NA,NA,0.672850482077319,NA,NA,NA,1.38629436111989,NA,1.88924580640181,0.67560152065431,0,1.02424836891521,NA,1.04385872549185,NA,NA,NA,2.56198198970163,NA,3.25512917026157,1.28793921399686,1.50339105487029,3.98829770465829,2.29533274989261,1.6661022550876,1.7227665977411,NA,1.50185022160158,NA,2.6020033435384,2.6020033435384,2.21540839942166,1.33982130486517,NA,NA,NA,NA,NA,1.21894634250991
UT_Ca_JN_PJ17_6,2.83302107333668,NA,1.94570185911271,NA,NA,1.85219182032495,NA,NA,NA,NA,NA,1.83258146374831,NA,NA,NA,1.32963001846639,NA,1.20397280432594,0.654028497812079,1.02424836891521,0,NA,0.376285300515373,NA,NA,NA,1.49371673536965,NA,1.6943874308318,2.07857273173057,1.44672671221679,1.98572321294947,1.45021104687483,2.52572864430826,1.77146277074543,NA,1.80186082288681,NA,2.5453390008849,1.22358316090258,1.64791843300216,0.957734561777039,NA,NA,NA,NA,NA,0.979960443062456
UT_Ca_JN_PJ17_7,NA,NA,NA,NA,NA,NA,NA,NA,NA,NA,NA,NA,NA,NA,NA,NA,NA,NA,NA,NA,NA,0,NA,NA,NA,NA,NA,NA,NA,NA,NA,NA,NA,NA,NA,NA,NA,NA,NA,NA,NA,NA,NA,NA,NA,NA,NA,NA
UT_Ca_JN_PJ17_8,2.34180580614733,NA,1.51332709194629,NA,NA,1.46633706879343,NA,NA,NA,NA,NA,1.29257603238953,NA,NA,NA,1.21570898241851,NA,1.44672671221679,1.01011109100993,1.04385872549185,0.376285300515373,NA,0,NA,NA,NA,1.83178082306482,NA,2.1194628955166,2.50364819641537,1.64865862558738,2.34180580614733,2.25827876381574,1.85219182032495,1.50339105487029,NA,1.97562185929071,NA,2.56494935746154,1.46633706879343,2.02420373351754,1.15966647514763,NA,NA,NA,NA,NA,0.845420119811838
UT_Ca_JN_PJ17_9,NA,NA,NA,NA,NA,NA,NA,NA,NA,NA,NA,NA,NA,NA,NA,NA,NA,NA,NA,NA,NA,NA,NA,0,NA,NA,NA,NA,NA,NA,NA,NA,NA,NA,NA,NA,NA,NA,NA,NA,NA,NA,NA,NA,NA,NA,NA,NA
UT_Ca_JN_PJ18_1,NA,NA,NA,NA,NA,NA,NA,NA,NA,NA,NA,NA,NA,NA,NA,NA,NA,NA,NA,NA,NA,NA,NA,NA,0,NA,NA,NA,NA,NA,NA,NA,NA,NA,NA,NA,NA,NA,NA,NA,NA,NA,NA,NA,NA,NA,NA,NA
UT_Ca_JN_PJ18_10,NA,NA,NA,NA,NA,NA,NA,NA,NA,NA,NA,NA,NA,NA,NA,NA,NA,NA,NA,NA,NA,NA,NA,NA,NA,0,NA,NA,NA,NA,NA,NA,NA,NA,NA,NA,NA,NA,NA,NA,NA,NA,NA,NA,NA,NA,NA,NA
UT_Ca_JN_PJ18_11,1.71399778740844,NA,1.23214368129263,NA,NA,0.733168534396713,NA,NA,NA,NA,NA,2.09985253893996,NA,NA,NA,1.05790459292536,NA,1.49371673536965,1.3267646811119,2.56198198970163,1.49371673536965,NA,1.83178082306482,NA,NA,NA,0,NA,1.67397643357167,1.90401105464318,1.51332709194629,1.96531221568935,2.21825740997898,1.6943874308318,1.17568762858174,NA,1.78144982562669,NA,2.1194628955166,1.42631571495666,1.53219725593771,1.42980004961471,NA,NA,NA,NA,NA,1.21086387408323
UT_Ca_JN_PJ18_12,NA,NA,NA,NA,NA,NA,NA,NA,NA,NA,NA,NA,NA,NA,NA,NA,NA,NA,NA,NA,NA,NA,NA,NA,NA,NA,NA,0,NA,NA,NA,NA,NA,NA,NA,NA,NA,NA,NA,NA,NA,NA,NA,NA,NA,NA,NA,NA
UT_Ca_JN_PJ18_13,1.60863727175061,NA,1.92529086185258,NA,NA,1.96531221568935,NA,NA,NA,NA,NA,2.50531764704813,NA,NA,NA,1.17568762858174,NA,1.81217046648818,1.88638046904732,3.25512917026157,1.6943874308318,NA,2.1194628955166,NA,NA,NA,1.67397643357167,NA,0,1.01670785964228,1.20317216364245,0.692346539876458,1.11964512131087,0.847089570444595,1.05790459292536,NA,1.08830264506674,NA,1.71399778740844,0.445486461944932,1.1575038064963,1.74825378073324,NA,NA,NA,NA,NA,1.65269662636227
UT_Ca_JN_PJ18_14,1.18189235643305,NA,2.75130891503038,NA,NA,1.49204728473689,NA,NA,NA,NA,NA,2.26089428852452,NA,NA,NA,2.13523707438407,NA,2.26089428852452,1.64195711052371,1.28793921399686,2.07857273173057,NA,2.50364819641537,NA,NA,NA,1.90401105464318,NA,1.01670785964228,0,0.798900104176945,1.40503590774726,1.40852024240531,0.65145637609042,1.62441145061808,NA,1.14113081001107,NA,2.79133026886715,1.49204728473689,0.773318505597535,1.72697397352384,NA,NA,NA,NA,NA,2.4423470353692
UT_Ca_JN_PJ18_15,2.56494935746154,NA,1.51332709194629,NA,NA,1.64865862558738,NA,NA,NA,NA,NA,2.13987389277673,NA,NA,NA,1.68571261166424,NA,3.23848618144484,1.36678603494866,1.50339105487029,1.44672671221679,NA,1.64865862558738,NA,NA,NA,1.51332709194629,NA,1.20317216364245,0.798900104176945,0,1.11803037452521,0.776674222891528,0.564337532018313,0.522561801858562,NA,1.57015675118255,NA,3.25809653802148,1.87180217690159,0.504377979773124,1.78827513457001,NA,NA,NA,NA,NA,1.94403240847995
UT_Ca_JN_PJ18_16,1.55334844578306,NA,1.60863727175061,NA,NA,2.56494935746154,NA,NA,NA,NA,NA,3.23848618144484,NA,NA,NA,1.50339105487029,NA,2.13987389277673,1.92640182288409,3.98829770465829,1.98572321294947,NA,2.34180580614733,NA,NA,NA,1.96531221568935,NA,0.692346539876458,1.40503590774726,1.11803037452521,0,0.466519294587689,0.935901088450796,1.34924037504303,NA,1.05933112741656,NA,NA,1.17865499634165,0.879071429214535,1.78827513457001,NA,NA,NA,NA,NA,1.81050101585543
UT_Ca_JN_PJ18_17,3.1745694956899,NA,1.42980004961471,NA,NA,3.1745694956899,NA,NA,NA,NA,NA,2.74949403100509,NA,NA,NA,1.70754608499049,NA,3.15495913911326,1.61973122923829,2.29533274989261,1.45021104687483,NA,2.25827876381574,NA,NA,NA,2.21825740997898,NA,1.11964512131087,1.40852024240531,0.776674222891528,0.466519294587689,0,1.07551759743342,0.769276446397555,NA,0.975804085084975,NA,1.78827513457001,0.97734491835368,0.795544386882952,1.99243016469021,NA,NA,NA,NA,NA,2.01465604597562
UT_Ca_JN_PJ18_18,1.53373808920642,NA,1.94570185911271,NA,NA,1.85219182032495,NA,NA,NA,NA,NA,1.96611285637283,NA,NA,NA,2.02277719902633,NA,2.81341071676004,2.59993864686739,1.6661022550876,2.52572864430826,NA,1.85219182032495,NA,NA,NA,1.6943874308318,NA,0.847089570444595,0.65145637609042,0.564337532018313,0.935901088450796,1.07551759743342,0,0.790633517733702,NA,0.914557627885912,NA,2.13987389277673,1.29257603238953,0.772449695648265,2.74949403100509,NA,NA,NA,NA,NA,1.79089065927878
UT_Ca_JN_PJ18_19,2.19653823543023,NA,1.30921902120626,NA,NA,1.50339105487029,NA,NA,NA,NA,NA,1.88924580640181,NA,NA,NA,1.94591014905531,NA,2.58239298696176,1.96345580896095,1.7227665977411,1.77146277074543,NA,1.50339105487029,NA,NA,NA,1.17568762858174,NA,1.05790459292536,1.62441145061808,0.522561801858562,1.34924037504303,0.769276446397555,0.790633517733702,0,NA,0.971221970539414,NA,1.79107312732207,1.21570898241851,1.01143559509572,1.60218556933266,NA,NA,NA,NA,NA,1.28793921399686
UT_Ca_JN_PJ18_2,NA,NA,NA,NA,NA,NA,NA,NA,NA,NA,NA,NA,NA,NA,NA,NA,NA,NA,NA,NA,NA,NA,NA,NA,NA,NA,NA,NA,NA,NA,NA,NA,NA,NA,NA,0,NA,NA,NA,NA,NA,NA,NA,NA,NA,NA,NA,NA
UT_Ca_JN_PJ18_20,2.38108696739888,NA,1.16241061722046,NA,NA,1.82147117946346,NA,NA,NA,NA,NA,1.44518587894808,NA,NA,NA,2.41814095347574,NA,1.10871364232687,1.87607082544595,1.50185022160158,1.80186082288681,NA,1.97562185929071,NA,NA,NA,1.78144982562669,NA,1.08830264506674,1.14113081001107,1.57015675118255,1.05933112741656,0.975804085084975,0.914557627885912,0.971221970539414,NA,0,NA,1.68793978683893,0.994792606278987,1.70680995083036,1.04479695657193,NA,NA,NA,NA,NA,1.30818489467423
UT_Ca_JN_PJ18_21,NA,NA,NA,NA,NA,NA,NA,NA,NA,NA,NA,NA,NA,NA,NA,NA,NA,NA,NA,NA,NA,NA,NA,NA,NA,NA,NA,NA,NA,NA,NA,NA,NA,NA,NA,NA,NA,0,NA,NA,NA,NA,NA,NA,NA,NA,NA,NA
UT_Ca_JN_PJ18_22,2.00533356952611,NA,NA,NA,NA,2.85263142991332,NA,NA,NA,NA,NA,2.13987389277673,NA,NA,NA,2.19653823543023,NA,NA,1.92640182288409,2.6020033435384,2.5453390008849,NA,2.56494935746154,NA,NA,NA,2.1194628955166,NA,1.71399778740844,2.79133026886715,3.25809653802148,NA,1.78827513457001,2.13987389277673,1.79107312732207,NA,1.68793978683893,NA,0,1.11803037452521,1.89067234089301,NA,NA,NA,NA,NA,NA,2.50364819641537
UT_Ca_JN_PJ18_23,1.75401914124521,NA,1.60863727175061,NA,NA,1.64865862558738,NA,NA,NA,NA,NA,1.85219182032495,NA,NA,NA,0.897255251299972,NA,1.44672671221679,1.17263002050771,2.6020033435384,1.22358316090258,NA,1.46633706879343,NA,NA,NA,1.42631571495666,NA,0.445486461944932,1.49204728473689,1.87180217690159,1.17865499634165,0.97734491835368,1.29257603238953,1.21570898241851,NA,0.994792606278987,NA,1.11803037452521,0,1.89067234089301,1.67049209891362,NA,NA,NA,NA,NA,1.18189235643305
UT_Ca_JN_PJ18_24,1.89067234089301,NA,1.73286795139986,NA,NA,2.58381952145296,NA,NA,NA,NA,NA,2.8518912373281,NA,NA,NA,1.92772632696988,NA,3.25735634543627,2.63841916743546,2.21540839942166,1.64791843300216,NA,2.02420373351754,NA,NA,NA,1.53219725593771,NA,1.1575038064963,0.773318505597535,0.504377979773124,0.879071429214535,0.795544386882952,0.772449695648265,1.01143559509572,NA,1.70680995083036,NA,1.89067234089301,1.89067234089301,0,2.78797455157316,NA,NA,NA,NA,NA,2.81020043285858
UT_Ca_JN_PJ18_3,2.48142231512995,NA,0.937323564516911,NA,NA,1.46982140345147,NA,NA,NA,NA,NA,1.07551759743342,NA,NA,NA,2.11301119309865,NA,0.670052489325258,1.03194456433618,1.33982130486517,0.957734561777039,NA,1.15966647514763,NA,NA,NA,1.42980004961471,NA,1.74825378073324,1.72697397352384,1.78827513457001,1.78827513457001,1.99243016469021,2.74949403100509,1.60218556933266,NA,1.04479695657193,NA,NA,1.67049209891362,2.78797455157316,0,NA,NA,NA,NA,NA,0.670921299274528
UT_Ca_JN_PJ18_4,NA,NA,NA,NA,NA,NA,NA,NA,NA,NA,NA,NA,NA,NA,NA,NA,NA,NA,NA,NA,NA,NA,NA,NA,NA,NA,NA,NA,NA,NA,NA,NA,NA,NA,NA,NA,NA,NA,NA,NA,NA,NA,0,NA,NA,NA,NA,NA
UT_Ca_JN_PJ18_5,NA,NA,NA,NA,NA,NA,NA,NA,NA,NA,NA,NA,NA,NA,NA,NA,NA,NA,NA,NA,NA,NA,NA,NA,NA,NA,NA,NA,NA,NA,NA,NA,NA,NA,NA,NA,NA,NA,NA,NA,NA,NA,NA,0,NA,NA,NA,NA
UT_Ca_JN_PJ18_6,NA,NA,NA,NA,NA,NA,NA,NA,NA,NA,NA,NA,NA,NA,NA,NA,NA,NA,NA,NA,NA,NA,NA,NA,NA,NA,NA,NA,NA,NA,NA,NA,NA,NA,NA,NA,NA,NA,NA,NA,NA,NA,NA,NA,0,NA,NA,NA
UT_Ca_JN_PJ18_7,NA,NA,NA,NA,NA,NA,NA,NA,NA,NA,NA,NA,NA,NA,NA,NA,NA,NA,NA,NA,NA,NA,NA,NA,NA,NA,NA,NA,NA,NA,NA,NA,NA,NA,NA,NA,NA,NA,NA,NA,NA,NA,NA,NA,NA,0,NA,NA
UT_Ca_JN_PJ18_8,NA,NA,NA,NA,NA,NA,NA,NA,NA,NA,NA,NA,NA,NA,NA,NA,NA,NA,NA,NA,NA,NA,NA,NA,NA,NA,NA,NA,NA,NA,NA,NA,NA,NA,NA,NA,NA,NA,NA,NA,NA,NA,NA,NA,NA,NA,0,NA
UT_Ca_JN_PJ18_9,2.09818308830721,NA,0.854188930144502,NA,NA,1.25088522792,NA,NA,NA,NA,NA,1.0371188569024,NA,NA,NA,1.62441145061808,NA,1.0371188569024,0.612337693342553,1.21894634250991,0.979960443062456,NA,0.845420119811838,NA,NA,NA,1.21086387408323,NA,1.65269662636227,2.4423470353692,1.94403240847995,1.81050101585543,2.01465604597562,1.79089065927878,1.28793921399686,NA,1.30818489467423,NA,2.50364819641537,1.18189235643305,2.81020043285858,0.670921299274528,NA,NA,NA,NA,NA,0
